491.306276,
421.119665,
350.933054,
280.746443,
210.559832,
140.373222,
70.186611,
0.000000,
1051.306276,
981.119665,
910.933054,
840.746443,
770.559832,
700.373222,
630.186611,
560.000000,
1611.306276,
1541.119665,
1470.933054,
1400.746443,
1330.559832,
1260.373222,
1190.186611,
1120.000000,
2171.306276,
2101.119665,
2030.933054,
1960.746443,
1890.559832,
1820.373222,
1750.186611,
1680.000000,
2731.306276,
2661.119665,
2590.933054,
2520.746443,
2450.559832,
2380.373222,
2310.186611,
2240.000000,
3291.306276,
3221.119665,
3150.933054,
3080.746443,
3010.559832,
2940.373222,
2870.186611,
2800.000000,
3851.306276,
3781.119665,
3710.933054,
3640.746443,
3570.559832,
3500.373222,
3430.186611,
3360.000000,
4411.306276,
4341.119665,
4270.933054,
4200.746443,
4130.559832,
4060.373222,
3990.186611,
3920.000000,
4971.306276,
4901.119665,
4830.933054,
4760.746443,
4690.559832,
4620.373222,
4550.186611,
4480.000000,
5531.306276,
5461.119665,
5390.933054,
5320.746443,
5250.559832,
5180.373222,
5110.186611,
5040.000000,
