0.000000,
555.584233,
1111.168465,
1666.752698,
2222.336931,
2777.921164,
3333.505396,
3889.089629,
0.000000,
555.584233,
1111.168465,
1666.752698,
2222.336931,
2777.921164,
3333.505396,
3889.089629,
0.000000,
555.584233,
1111.168465,
1666.752698,
2222.336931,
2777.921164,
3333.505396,
3889.089629,
0.000000,
555.584233,
1111.168465,
1666.752698,
2222.336931,
2777.921164,
3333.505396,
3889.089629,
0.000000,
555.584233,
1111.168465,
1666.752698,
2222.336931,
2777.921164,
3333.505396,
3889.089629,
0.000000,
555.584233,
1111.168465,
1666.752698,
2222.336931,
2777.921164,
3333.505396,
3889.089629,
0.000000,
555.584233,
1111.168465,
1666.752698,
2222.336931,
2777.921164,
3333.505396,
3889.089629,
0.000000,
555.584233,
1111.168465,
1666.752698,
2222.336931,
2777.921164,
3333.505396,
3889.089629,
0.000000,
555.584233,
1111.168465,
1666.752698,
2222.336931,
2777.921164,
3333.505396,
3889.089629,
0.000000,
555.584233,
1111.168465,
1666.752698,
2222.336931,
2777.921164,
3333.505396,
3889.089629,
